1. Matrix with 1 variable
i. 1x1 Matrix
1	


ii. 2x4 Matrix
1	2	3	4	
5	6	7	8	


iii. 3x3
1	2	3	
4	5	6	
9	1	3	

Another 3x3

1	2	3	
4	5	6	
7	8	9	
10	11	12	


2. Matrix with 2 variables
2x2 Zeros
0	0	
0	0	


3x4 Zeros
0	0	0	0	
0	0	0	0	
0	0	0	0	


3. Testing the MakeNegative Method:
	The Original Matrix:
19	124	28	35	38	
115	22	25	230	31	
9	21	22	249	230	
0	6	9	232	255	
2	5	10	116	129	

	The Negative Matrix:
236	131	227	220	217	
140	233	230	25	224	
246	234	233	6	25	
255	249	246	23	0	
253	250	245	139	126	

4. Testing the imageFilter method:
	The Original Matrix:
19	124	28	35	38	
115	22	25	230	31	
9	21	22	249	230	
0	6	9	232	255	
2	5	10	116	129	

	The 'filtered' Matrix:
70	55	77	64	83	
51	42	84	98	135	
28	25	90	142	204	
7	9	74	139	201	
3	5	63	125	183	

5. Testing the RotateClockwise method:
	The Original Matrix:
19	124	28	35	
115	22	25	230	
19	21	22	249	
0	16	9	232	
62	35	10	116	

	The 'Rotated' Matrix:
62	0	19	115	19	
35	16	21	22	124	
10	9	22	25	28	
116	232	249	230	35	

	Rotated 2 times:
116	10	35	62	
232	9	16	0	
249	22	21	19	
230	25	22	115	
35	28	124	19	

Rotated 4 times (should be the original):
19	124	28	35	
115	22	25	230	
19	21	22	249	
0	16	9	232	
62	35	10	116	

5. Testing the RotateCounterClockwise method:
	The Original Matrix:
19	124	28	35	
115	22	25	230	
19	21	22	249	
0	16	9	232	
62	35	10	116	

	The 'Rotated' Matrix:
35	230	249	232	116	
28	25	22	9	10	
124	22	21	16	35	
19	115	19	0	62	

	Rotated 2 times:
116	10	35	62	
232	9	16	0	
249	22	21	19	
230	25	22	115	
35	28	124	19	

Rotated 4 times (Should be original Matrix:)
19	124	28	35	
115	22	25	230	
19	21	22	249	
0	16	9	232	
62	35	10	116	

